1.
1000 67336 0.1s 34s
1000 66216 0.2s 34s
1000 65856 0.3s 34s
1000 65648 0.4s 34s
1000 65528 0.5s 34s
1000 65456 0.6s 34s
1000 65368 0.7s 34s
1000 65328 0.8s 34s
1000 65296 0.9s 34s
1000 65272 1.0s 34s
1000 65240 1.1s 34s
1000 65232 1.2s 34s
1000 65200 1.3s 34s
1000 65184 1.4s 34s
1000 65176 1.5s 34s
1000 65168 1.6s 34s
1000 65160 1.7s 34s
1000 65152 1.8s 34s
1000 65144 1.9s 34s
1000 65136 2.0s 34s

1000 69464 0.1s 34s
1000 67480 0.2s 34s
1000 66664 0.3s 34s
1000 66264 0.4s 34s
1000 66088 0.5s 34s
1000 65912 0.6s 34s
1000 65816 0.7s 34s
1000 65688 0.8s 34s
1000 65608 0.9s 34s
1000 65544 1.0s 34s
1000 65528 1.1s 34s
1000 65448 1.2s 34s
1000 65448 1.3s 34s
1000 65384 1.4s 34s
1000 65368 1.5s 34s
1000 65352 1.6s 34s
1000 65304 1.7s 34s
1000 65288 1.8s 34s
1000 65288 1.9s 34s
1000 65256 2.0s 34s

2. 
4000 193640 0.1 37 
4000 181832 0.2 37
4000 177968 0.3 37
4000 175352 0.4 37
4000 173960 0.5 37
4000 172970 0.6 37
4000 172136 0.7 37
4000 171608 0.8 37
4000 171296 0.9 37
4000 170920 1.0 37

4000 177432 0.1 37
4000 173160 0.2 37
4000 171600 0.3 37
4000 170680 0.4 37
4000 170088 0.5 37
4000 169736 0.6 37
4000 169504 0.7 37
4000 169376 0.8 37
4000 169184 0.9 37
4000 169088 1.0 37

3. 1000
0.1 34 48984 5820  
0.2 34 45768 3100 
0.3 34 44592 2160
0.4 34 43992 1660 
0.5 34 43608 1340 
0.6 34 43320 1100 
0.7 34 43152 960  
0.8 34 43032 860  
0.9 34 42912 760  
1.0 34 42816 680  

0.1 34 44400 1200
0.2 34 43280 640
0.3 34 42864 432 
0.4 34 42664 332 
0.5 34 42520 260
0.6 34 42448 224
0.7 34 42392 196 
0.8 34 42336 168 
0.9 34 42304 152 
1.0 34 42272 136 

4. 4000
0.1 34 193368 20752  
0.2 34 182224 11640 
0.3 34 177640 7888
0.4 34 175704 6304 
0.5 34 174072 4968 
0.6 34 172928 4032 
0.7 34 172224 3456  
0.8 34 171212 3036  
0.9 34 171344 2736  
1.0 34 171080 2520  

0.1 34 177432 4716
0.2 34 173104 2552
0.3 34 171544 1772 
0.4 34 170736 1368 
0.5 34 170096 1048
0.6 34 169792 896
0.7 34 169576 788 
0.8 34 169344 672 
0.9 34 169168 584 
1.0 34 169120 560 

5. 7000
0.1 37 337296 35716  
0.2 37 320056 21496 
0.3 37 312328 15120 
0.4 37 308008 11566 
0.5 37 304784 8896  
0.6 37 303280 7656  
0.7 37 302072 6660  
0.8 37 301200 5940  
0.9 37 300104 5036  
1.0 37 299600 4620

0.1 37 310624 8312 
0.2 37 302912 4456 
0.3 37 300696 3348 
0.4 37 298840 2420 
0.5 37 298056 2028 
0.6 37 297832 1916 
0.7 37 297288 1644 
0.8 37 296840 1420 
0.9 37 296416 1208  
1.0 37 295896 948  
